
Frame 1498: 2016-10-19-21-04-29.847852: Tool 1, 2: 0.000000, 0.000000, 0.000000, 0.000000, 0.000000, 0.000000, 0.000000, *** 181.714645, -59.055370, -1515.296143,  0.334104, 0.565930, -0.685981, 0.312296
Frame 1504: 2016-10-19-21-04-29.931857: Tool 1, 2: 0.000000, 0.000000, 0.000000, 0.000000, 0.000000, 0.000000, 0.000000, *** 181.775803, -58.778282, -1515.542236,  0.335726, 0.565097, -0.685423, 0.313290
Frame 1507: 2016-10-19-21-04-30.016861: Tool 1, 2: 0.000000, 0.000000, 0.000000, 0.000000, 0.000000, 0.000000, 0.000000, *** 181.966965, -58.852772, -1515.369019,  0.336232, 0.566021, -0.684817, 0.312403
Frame 1513: 2016-10-19-21-04-30.098866: Tool 1, 2: 0.000000, 0.000000, 0.000000, 0.000000, 0.000000, 0.000000, 0.000000, *** 181.983887, -58.886879, -1515.192627,  0.336206, 0.566354, -0.684682, 0.312121
Frame 1519: 2016-10-19-21-04-30.180871: Tool 1, 2: 0.000000, 0.000000, 0.000000, 0.000000, 0.000000, 0.000000, 0.000000, *** 181.981293, -58.918278, -1515.222656,  0.335862, 0.566487, -0.684899, 0.311773
Frame 1522: 2016-10-19-21-04-30.266876: Tool 1, 2: 0.000000, 0.000000, 0.000000, 0.000000, 0.000000, 0.000000, 0.000000, *** 182.013519, -58.932865, -1515.163452,  0.335809, 0.566615, -0.684918, 0.311556
Frame 1528: 2016-10-19-21-04-30.348880: Tool 1, 2: 0.000000, 0.000000, 0.000000, 0.000000, 0.000000, 0.000000, 0.000000, *** 181.922241, -58.981640, -1515.201660,  0.334985, 0.566552, -0.685327, 0.311659
Frame 1534: 2016-10-19-21-04-30.431885: Tool 1, 2: 0.000000, 0.000000, 0.000000, 0.000000, 0.000000, 0.000000, 0.000000, *** 181.799408, -59.188274, -1515.289429,  0.333156, 0.566496, -0.686424, 0.311308
Frame 1537: 2016-10-19-21-04-30.515890: Tool 1, 2: 0.000000, 0.000000, 0.000000, 0.000000, 0.000000, 0.000000, 0.000000, *** 181.788345, -59.415020, -1515.234985,  0.331711, 0.567402, -0.686938, 0.310063

Frame 1627: 2016-10-19-21-04-31.997975: Tool 1, 2: 0.000000, 0.000000, 0.000000, 0.000000, 0.000000, 0.000000, 0.000000, *** 181.967606, -71.434265, -1527.180054,  0.322763, 0.571832, -0.695516, 0.291705
Frame 1633: 2016-10-19-21-04-32.081980: Tool 1, 2: 0.000000, 0.000000, 0.000000, 0.000000, 0.000000, 0.000000, 0.000000, *** 181.762802, -73.791458, -1529.906128,  0.317774, 0.568721, -0.699177, 0.294497
Frame 1636: 2016-10-19-21-04-32.165985: Tool 1, 2: 0.000000, 0.000000, 0.000000, 0.000000, 0.000000, 0.000000, 0.000000, *** 181.701813, -74.982925, -1531.229004,  0.315385, 0.568463, -0.700688, 0.293973
Frame 1642: 2016-10-19-21-04-32.247989: Tool 1, 2: 0.000000, 0.000000, 0.000000, 0.000000, 0.000000, 0.000000, 0.000000, *** 181.827789, -75.916649, -1531.999146,  0.314199, 0.569606, -0.701418, 0.291275
Frame 1648: 2016-10-19-21-04-32.331994: Tool 1, 2: 0.000000, 0.000000, 0.000000, 0.000000, 0.000000, 0.000000, 0.000000, *** 182.034760, -75.961929, -1531.881836,  0.314826, 0.569908, -0.701277, 0.290345
Frame 1651: 2016-10-19-21-04-32.415999: Tool 1, 2: 0.000000, 0.000000, 0.000000, 0.000000, 0.000000, 0.000000, 0.000000, *** 182.070511, -76.014603, -1531.894409,  0.314817, 0.570014, -0.701346, 0.289981
Frame 1657: 2016-10-19-21-04-32.498003: Tool 1, 2: 0.000000, 0.000000, 0.000000, 0.000000, 0.000000, 0.000000, 0.000000, *** 182.133545, -75.991852, -1531.868408,  0.315029, 0.569919, -0.701422, 0.289753
Frame 1663: 2016-10-19-21-04-32.582008: Tool 1, 2: 0.000000, 0.000000, 0.000000, 0.000000, 0.000000, 0.000000, 0.000000, *** 182.329315, -75.914757, -1531.907593,  0.317155, 0.571612, -0.699568, 0.288579
Frame 1666: 2016-10-19-21-04-32.667013: Tool 1, 2: 0.000000, 0.000000, 0.000000, 0.000000, 0.000000, 0.000000, 0.000000, *** 182.474335, -75.851532, -1531.952026,  0.318387, 0.572319, -0.698704, 0.287914
Frame 1672: 2016-10-19-21-04-32.749018: Tool 1, 2: 0.000000, 0.000000, 0.000000, 0.000000, 0.000000, 0.000000, 0.000000, *** 182.924759, -75.805374, -1531.948242,  0.322345, 0.576050, -0.694958, 0.285122
Frame 1678: 2016-10-19-21-04-32.832023: Tool 1, 2: 0.000000, 0.000000, 0.000000, 0.000000, 0.000000, 0.000000, 0.000000, *** 182.313248, -75.177765, -1531.401733,  0.323774, 0.580279, -0.690608, 0.285496
Frame 1681: 2016-10-19-21-04-32.917027: Tool 1, 2: 0.000000, 0.000000, 0.000000, 0.000000, 0.000000, 0.000000, 0.000000, *** 181.643906, -75.262733, -1531.161865,  0.320919, 0.580698, -0.691227, 0.286370
Frame 1687: 2016-10-19-21-04-32.999032: Tool 1, 2: 0.000000, 0.000000, 0.000000, 0.000000, 0.000000, 0.000000, 0.000000, *** 180.349335, -75.475235, -1531.206909,  0.315907, 0.579775, -0.693284, 0.288830
Frame 1693: 2016-10-19-21-04-33.082037: Tool 1, 2: 0.000000, 0.000000, 0.000000, 0.000000, 0.000000, 0.000000, 0.000000, *** 180.210464, -75.501564, -1531.224365,  0.315248, 0.579721, -0.693480, 0.289186
Frame 1696: 2016-10-19-21-04-33.166042: Tool 1, 2: 0.000000, 0.000000, 0.000000, 0.000000, 0.000000, 0.000000, 0.000000, *** 180.508591, -75.521309, -1531.122437,  0.316611, 0.579844, -0.693111, 0.288335
Frame 1702: 2016-10-19-21-04-33.248046: Tool 1, 2: 0.000000, 0.000000, 0.000000, 0.000000, 0.000000, 0.000000, 0.000000, *** 180.180191, -75.699173, -1531.080933,  0.314526, 0.580141, -0.693630, 0.288770
Frame 1708: 2016-10-19-21-04-33.332051: Tool 1, 2: 0.000000, 0.000000, 0.000000, 0.000000, 0.000000, 0.000000, 0.000000, *** 180.122681, -74.927025, -1531.057251,  0.313710, 0.579661, -0.692950, 0.292232
Frame 1711: 2016-10-19-21-04-33.416056: Tool 1, 2: 0.000000, 0.000000, 0.000000, 0.000000, 0.000000, 0.000000, 0.000000, *** 180.139694, -74.559631, -1530.885010,  0.313337, 0.580335, -0.692103, 0.293302
Frame 1717: 2016-10-19-21-04-33.498061: Tool 1, 2: 0.000000, 0.000000, 0.000000, 0.000000, 0.000000, 0.000000, 0.000000, *** 179.649231, -74.562248, -1531.005493,  0.310949, 0.580809, -0.692652, 0.293609
Frame 1723: 2016-10-19-21-04-33.582066: Tool 1, 2: 0.000000, 0.000000, 0.000000, 0.000000, 0.000000, 0.000000, 0.000000, *** 178.827377, -75.419266, -1531.408325,  0.302559, 0.579531, -0.698021, 0.292181
Frame 1726: 2016-10-19-21-04-33.667070: Tool 1, 2: 0.000000, 0.000000, 0.000000, 0.000000, 0.000000, 0.000000, 0.000000, *** 177.364029, -76.873657, -1531.992432,  0.297157, 0.573174, -0.707178, 0.288218
Frame 1732: 2016-10-19-21-04-33.749075: Tool 1, 2: 0.000000, 0.000000, 0.000000, 0.000000, 0.000000, 0.000000, 0.000000, *** 173.689499, -79.076111, -1533.334717,  0.284885, 0.561027, -0.722946, 0.285376
Frame 1738: 2016-10-19-21-04-33.832080: Tool 1, 2: 0.000000, 0.000000, 0.000000, 0.000000, 0.000000, 0.000000, 0.000000, *** 174.270752, -78.715240, -1533.119141,  0.288570, 0.561052, -0.721580, 0.285084
Frame 1741: 2016-10-19-21-04-33.917085: Tool 1, 2: 0.000000, 0.000000, 0.000000, 0.000000, 0.000000, 0.000000, 0.000000, *** 175.485519, -76.373016, -1532.400391,  0.291936, 0.565086, -0.713892, 0.292935
Frame 1747: 2016-10-19-21-04-33.999089: Tool 1, 2: 0.000000, 0.000000, 0.000000, 0.000000, 0.000000, 0.000000, 0.000000, *** 178.542206, -75.171227, -1530.431152,  0.294844, 0.579182, -0.699650, 0.296829
Frame 1753: 2016-10-19-21-04-34.082094: Tool 1, 2: 0.000000, 0.000000, 0.000000, 0.000000, 0.000000, 0.000000, 0.000000, *** 179.521454, -74.474472, -1530.420044,  0.298417, 0.583928, -0.694151, 0.296871
Frame 1756: 2016-10-19-21-04-34.167099: Tool 1, 2: 0.000000, 0.000000, 0.000000, 0.000000, 0.000000, 0.000000, 0.000000, *** 181.857788, -73.724579, -1530.510498,  0.309908, 0.588693, -0.686943, 0.292416
Frame 1822: 2016-10-19-21-04-35.249161: Tool 1, 2: 0.000000, 0.000000, 0.000000, 0.000000, 0.000000, 0.000000, 0.000000, *** 180.099625, -74.604538, -1534.225098,  0.297071, 0.587509, -0.704815, 0.264234
Frame 1846: 2016-10-19-21-04-35.636183: Tool 1, 2: 0.000000, 0.000000, 0.000000, 0.000000, 0.000000, 0.000000, 0.000000, *** 179.631973, -77.914795, -1535.559204,  0.290160, 0.587922, -0.709976, 0.257082
Frame 1849: 2016-10-19-21-04-35.718188: Tool 1, 2: 0.000000, 0.000000, 0.000000, 0.000000, 0.000000, 0.000000, 0.000000, *** 179.456940, -77.447052, -1535.228149,  0.291013, 0.585899, -0.710586, 0.259043
Frame 1855: 2016-10-19-21-04-35.799192: Tool 1, 2: 0.000000, 0.000000, 0.000000, 0.000000, 0.000000, 0.000000, 0.000000, *** 179.760162, -73.044662, -1532.439575,  0.305542, 0.580447, -0.704552, 0.270801
Frame 1861: 2016-10-19-21-04-35.882197: Tool 1, 2: 0.000000, 0.000000, 0.000000, 0.000000, 0.000000, 0.000000, 0.000000, *** 179.557953, -71.895523, -1531.542603,  0.310322, 0.577038, -0.703588, 0.275122
Frame 1864: 2016-10-19-21-04-35.967202: Tool 1, 2: 0.000000, 0.000000, 0.000000, 0.000000, 0.000000, 0.000000, 0.000000, *** 179.826065, -71.834671, -1531.511475,  0.310119, 0.579234, -0.701994, 0.274809
Frame 1870: 2016-10-19-21-04-36.048206: Tool 1, 2: 0.000000, 0.000000, 0.000000, 0.000000, 0.000000, 0.000000, 0.000000, *** 179.656097, -71.941132, -1531.548218,  0.309950, 0.578284, -0.703000, 0.274427
Frame 1876: 2016-10-19-21-04-36.132211: Tool 1, 2: 0.000000, 0.000000, 0.000000, 0.000000, 0.000000, 0.000000, 0.000000, *** 179.946854, -71.596718, -1531.106079,  0.312282, 0.577356, -0.702337, 0.275433
Frame 1879: 2016-10-19-21-04-36.216216: Tool 1, 2: 0.000000, 0.000000, 0.000000, 0.000000, 0.000000, 0.000000, 0.000000, *** 179.839508, -71.314735, -1530.439575,  0.312952, 0.577844, -0.701276, 0.276353
Frame 1885: 2016-10-19-21-04-36.298221: Tool 1, 2: 0.000000, 0.000000, 0.000000, 0.000000, 0.000000, 0.000000, 0.000000, *** 179.999130, -71.384964, -1530.464478,  0.313536, 0.578318, -0.700610, 0.276386
Frame 1891: 2016-10-19-21-04-36.383226: Tool 1, 2: 0.000000, 0.000000, 0.000000, 0.000000, 0.000000, 0.000000, 0.000000, *** 181.937134, -70.705109, -1529.002686,  0.326139, 0.582036, -0.689959, 0.280758
Frame 1894: 2016-10-19-21-04-36.467230: Tool 1, 2: 0.000000, 0.000000, 0.000000, 0.000000, 0.000000, 0.000000, 0.000000, *** 183.361755, -71.280624, -1528.434326,  0.331816, 0.584812, -0.686274, 0.277351
Frame 1900: 2016-10-19-21-04-36.549235: Tool 1, 2: 0.000000, 0.000000, 0.000000, 0.000000, 0.000000, 0.000000, 0.000000, *** 185.398193, -73.111954, -1526.238281,  0.332156, 0.600154, -0.677591, 0.265254
Frame 1906: 2016-10-19-21-04-36.633240: Tool 1, 2: 144.536041, 44.032532, -1533.132446, 0.170230, -0.142341, -0.952542, 0.208389, *** 186.516205, -73.460754, -1523.634644,  0.346566, 0.604169, -0.668740, 0.260115
Frame 1912: 2016-10-19-21-04-36.750247: Tool 1, 2: 0.000000, 0.000000, 0.000000, 0.000000, 0.000000, 0.000000, 0.000000, *** 184.266541, -75.135368, -1521.145020,  0.353653, 0.590127, -0.681009, 0.250814
Frame 1918: 2016-10-19-21-04-36.832252: Tool 1, 2: 149.484970, 40.872120, -1526.133057, 0.203637, -0.162101, -0.943811, 0.203658, *** 184.762863, -78.404831, -1519.032593,  0.363453, 0.595416, -0.677445, 0.233348
Frame 1924: 2016-10-19-21-04-36.951258: Tool 1, 2: 153.003281, 35.664116, -1522.752563, 0.224536, -0.176984, -0.938679, 0.192726, *** 0.000000, 0.000000, 0.000000,  0.000000, 0.000000, 0.000000, 0.000000
Frame 1930: 2016-10-19-21-04-37.033263: Tool 1, 2: 156.328873, 25.064989, -1521.648437, 0.240299, -0.189500, -0.936203, 0.172834, *** 0.000000, 0.000000, 0.000000,  0.000000, 0.000000, 0.000000, 0.000000
Frame 1933: 2016-10-19-21-04-37.117268: Tool 1, 2: 157.731476, 23.241936, -1522.331909, 0.246170, -0.195171, -0.933768, 0.171427, *** 0.000000, 0.000000, 0.000000,  0.000000, 0.000000, 0.000000, 0.000000
Frame 1939: 2016-10-19-21-04-37.199272: Tool 1, 2: 160.962830, 23.641071, -1521.887573, 0.264322, -0.204907, -0.926983, 0.169854, *** 0.000000, 0.000000, 0.000000,  0.000000, 0.000000, 0.000000, 0.000000
Frame 1945: 2016-10-19-21-04-37.282277: Tool 1, 2: 166.067444, 23.778292, -1518.482056, 0.297282, -0.214057, -0.915631, 0.165603, *** 0.000000, 0.000000, 0.000000,  0.000000, 0.000000, 0.000000, 0.000000
Frame 1948: 2016-10-19-21-04-37.367282: Tool 1, 2: 167.291321, 22.411503, -1514.853027, 0.316960, -0.204731, -0.912159, 0.159962, *** 0.000000, 0.000000, 0.000000,  0.000000, 0.000000, 0.000000, 0.000000
Frame 1954: 2016-10-19-21-04-37.449286: Tool 1, 2: 168.778290, 21.653532, -1511.347412, 0.333725, -0.198995, -0.907810, 0.157835, *** 0.000000, 0.000000, 0.000000,  0.000000, 0.000000, 0.000000, 0.000000
Frame 1960: 2016-10-19-21-04-37.532291: Tool 1, 2: 168.287521, 20.735996, -1510.765259, 0.333086, -0.194627, -0.909847, 0.152816, *** 0.000000, 0.000000, 0.000000,  0.000000, 0.000000, 0.000000, 0.000000
Frame 1963: 2016-10-19-21-04-37.618296: Tool 1, 2: 167.962219, 20.522123, -1511.016357, 0.329585, -0.194727, -0.911797, 0.148602, *** 0.000000, 0.000000, 0.000000,  0.000000, 0.000000, 0.000000, 0.000000
Frame 1969: 2016-10-19-21-04-37.698301: Tool 1, 2: 167.034119, 18.371260, -1509.273682, 0.327554, -0.187419, -0.916501, 0.132700, *** 0.000000, 0.000000, 0.000000,  0.000000, 0.000000, 0.000000, 0.000000
Frame 1975: 2016-10-19-21-04-37.782306: Tool 1, 2: 165.819138, 15.372921, -1507.056152, 0.326126, -0.176395, -0.921718, 0.113854, *** 0.000000, 0.000000, 0.000000,  0.000000, 0.000000, 0.000000, 0.000000
Frame 1978: 2016-10-19-21-04-37.868310: Tool 1, 2: 165.511841, 15.037697, -1507.015747, 0.324094, -0.175655, -0.923059, 0.109870, *** 0.000000, 0.000000, 0.000000,  0.000000, 0.000000, 0.000000, 0.000000
Frame 1984: 2016-10-19-21-04-37.948315: Tool 1, 2: 164.868332, 13.107355, -1505.589478, 0.324303, -0.168173, -0.925543, 0.099582, *** 0.000000, 0.000000, 0.000000,  0.000000, 0.000000, 0.000000, 0.000000
Frame 1990: 2016-10-19-21-04-38.032320: Tool 1, 2: 165.070938, 11.606252, -1504.309326, 0.328436, -0.164711, -0.925260, 0.094308, *** 0.000000, 0.000000, 0.000000,  0.000000, 0.000000, 0.000000, 0.000000
Frame 1993: 2016-10-19-21-04-38.117325: Tool 1, 2: 164.921555, 10.838875, -1503.820801, 0.329051, -0.162349, -0.925785, 0.091053, *** 0.000000, 0.000000, 0.000000,  0.000000, 0.000000, 0.000000, 0.000000
Frame 1999: 2016-10-19-21-04-38.199329: Tool 1, 2: 164.713715, 9.027860, -1503.372925, 0.326851, -0.161178, -0.927697, 0.081051, *** 0.000000, 0.000000, 0.000000,  0.000000, 0.000000, 0.000000, 0.000000
Frame 2005: 2016-10-19-21-04-38.282334: Tool 1, 2: 164.444748, 8.555877, -1503.495972, 0.322353, -0.162282, -0.929815, 0.072095, *** 0.000000, 0.000000, 0.000000,  0.000000, 0.000000, 0.000000, 0.000000
Frame 2008: 2016-10-19-21-04-38.367339: Tool 1, 2: 164.478928, 8.772253, -1503.734863, 0.320738, -0.164246, -0.930203, 0.069816, *** 0.000000, 0.000000, 0.000000,  0.000000, 0.000000, 0.000000, 0.000000
Frame 2014: 2016-10-19-21-04-38.449344: Tool 1, 2: 164.033264, 6.672395, -1502.768677, 0.319762, -0.159311, -0.932212, 0.057913, *** 0.000000, 0.000000, 0.000000,  0.000000, 0.000000, 0.000000, 0.000000
Frame 2020: 2016-10-19-21-04-38.532349: Tool 1, 2: 163.580444, 2.292583, -1500.253662, 0.322142, -0.148856, -0.934081, 0.039487, *** 0.000000, 0.000000, 0.000000,  0.000000, 0.000000, 0.000000, 0.000000
Frame 2023: 2016-10-19-21-04-38.617353: Tool 1, 2: 163.707169, 1.628779, -1499.614990, 0.323381, -0.148111, -0.933935, 0.035439, *** 0.000000, 0.000000, 0.000000,  0.000000, 0.000000, 0.000000, 0.000000
Frame 2029: 2016-10-19-21-04-38.698358: Tool 1, 2: 163.325912, 0.430403, -1499.127441, 0.321564, -0.145593, -0.935244, 0.026838, *** 0.000000, 0.000000, 0.000000,  0.000000, 0.000000, 0.000000, 0.000000
Frame 2035: 2016-10-19-21-04-38.782363: Tool 1, 2: 162.831055, -0.654588, -1498.744385, 0.317830, -0.143834, -0.937024, 0.016847, *** 0.000000, 0.000000, 0.000000,  0.000000, 0.000000, 0.000000, 0.000000
Frame 2038: 2016-10-19-21-04-38.867368: Tool 1, 2: 162.803665, -1.224416, -1498.304443, 0.317835, -0.142678, -0.937274, 0.012023, *** 0.000000, 0.000000, 0.000000,  0.000000, 0.000000, 0.000000, 0.000000
Frame 2044: 2016-10-19-21-04-38.948372: Tool 1, 2: 162.736130, -2.741704, -1497.082031, 0.320097, -0.137952, -0.937276, 0.004575, *** 0.000000, 0.000000, 0.000000,  0.000000, 0.000000, 0.000000, 0.000000
Frame 2050: 2016-10-19-21-04-39.032377: Tool 1, 2: 163.321045, -4.252972, -1495.430420, 0.324985, -0.135136, -0.936000, -0.005261, *** 0.000000, 0.000000, 0.000000,  0.000000, 0.000000, 0.000000, 0.000000
Frame 2053: 2016-10-19-21-04-39.116382: Tool 1, 2: 163.852631, -4.638433, -1494.719238, 0.327724, -0.135785, -0.934915, -0.009695, *** 0.000000, 0.000000, 0.000000,  0.000000, 0.000000, 0.000000, 0.000000
Frame 2059: 2016-10-19-21-04-39.198387: Tool 1, 2: 163.720215, -7.007058, -1493.667358, 0.329724, -0.130532, -0.934800, -0.019855, *** 0.000000, 0.000000, 0.000000,  0.000000, 0.000000, 0.000000, 0.000000
Frame 2065: 2016-10-19-21-04-39.282392: Tool 1, 2: 165.892578, -7.844654, -1492.779297, 0.339201, -0.137534, -0.930292, -0.024184, *** 0.000000, 0.000000, 0.000000,  0.000000, 0.000000, 0.000000, 0.000000
Frame 2068: 2016-10-19-21-04-39.367396: Tool 1, 2: 167.028519, -8.515827, -1491.492554, 0.346693, -0.137884, -0.927404, -0.026742, *** 0.000000, 0.000000, 0.000000,  0.000000, 0.000000, 0.000000, 0.000000
Frame 2074: 2016-10-19-21-04-39.449401: Tool 1, 2: 168.141296, -9.950301, -1489.429932, 0.354546, -0.135191, -0.924539, -0.035359, *** 0.000000, 0.000000, 0.000000,  0.000000, 0.000000, 0.000000, 0.000000
Frame 2080: 2016-10-19-21-04-39.532406: Tool 1, 2: 169.836945, -9.805161, -1488.469360, 0.362137, -0.140627, -0.920713, -0.037015, *** 0.000000, 0.000000, 0.000000,  0.000000, 0.000000, 0.000000, 0.000000
Frame 2083: 2016-10-19-21-04-39.617411: Tool 1, 2: 171.105255, -9.370914, -1488.570679, 0.366580, -0.146743, -0.918065, -0.035283, *** 0.000000, 0.000000, 0.000000,  0.000000, 0.000000, 0.000000, 0.000000
Frame 2089: 2016-10-19-21-04-39.698415: Tool 1, 2: 172.704361, -9.235014, -1488.256714, 0.373796, -0.150599, -0.914578, -0.033847, *** 0.000000, 0.000000, 0.000000,  0.000000, 0.000000, 0.000000, 0.000000
Frame 2095: 2016-10-19-21-04-39.783420: Tool 1, 2: 173.697113, -9.845388, -1486.948242, 0.381765, -0.148272, -0.911657, -0.033948, *** 0.000000, 0.000000, 0.000000,  0.000000, 0.000000, 0.000000, 0.000000
Frame 2098: 2016-10-19-21-04-39.866425: Tool 1, 2: 174.387909, -9.633158, -1486.812134, 0.385657, -0.150457, -0.909718, -0.032325, *** 0.000000, 0.000000, 0.000000,  0.000000, 0.000000, 0.000000, 0.000000
Frame 2104: 2016-10-19-21-04-39.948430: Tool 1, 2: 175.471527, -8.325081, -1486.384766, 0.395285, -0.158638, -0.904201, -0.031704, *** 0.000000, 0.000000, 0.000000,  0.000000, 0.000000, 0.000000, 0.000000
Frame 2110: 2016-10-19-21-04-40.033434: Tool 1, 2: 176.385254, -8.455000, -1483.940063, 0.412195, -0.160221, -0.896265, -0.033684, *** 0.000000, 0.000000, 0.000000,  0.000000, 0.000000, 0.000000, 0.000000
Frame 2113: 2016-10-19-21-04-40.117439: Tool 1, 2: 176.441376, -9.033998, -1482.594604, 0.421962, -0.154975, -0.892616, -0.034182, *** 0.000000, 0.000000, 0.000000,  0.000000, 0.000000, 0.000000, 0.000000
Frame 2119: 2016-10-19-21-04-40.198444: Tool 1, 2: 176.938477, -9.286966, -1480.453369, 0.439944, -0.154805, -0.883965, -0.033032, *** 0.000000, 0.000000, 0.000000,  0.000000, 0.000000, 0.000000, 0.000000
Frame 2125: 2016-10-19-21-04-40.282449: Tool 1, 2: 177.166016, -8.719214, -1479.205078, 0.451340, -0.161714, -0.877059, -0.030146, *** 0.000000, 0.000000, 0.000000,  0.000000, 0.000000, 0.000000, 0.000000
Frame 2128: 2016-10-19-21-04-40.366454: Tool 1, 2: 177.218384, -9.063011, -1478.386597, 0.454531, -0.163988, -0.874994, -0.029917, *** 0.000000, 0.000000, 0.000000,  0.000000, 0.000000, 0.000000, 0.000000
Frame 2134: 2016-10-19-21-04-40.449458: Tool 1, 2: 177.851868, -9.257857, -1477.291992, 0.463655, -0.161225, -0.870715, -0.029768, *** 0.000000, 0.000000, 0.000000,  0.000000, 0.000000, 0.000000, 0.000000
Frame 2140: 2016-10-19-21-04-40.533463: Tool 1, 2: 177.825653, -9.755179, -1476.072876, 0.472458, -0.158984, -0.866421, -0.028684, *** 0.000000, 0.000000, 0.000000,  0.000000, 0.000000, 0.000000, 0.000000
Frame 2143: 2016-10-19-21-04-40.617468: Tool 1, 2: 177.891113, -9.384013, -1475.808472, 0.476733, -0.162166, -0.863573, -0.025869, *** 0.000000, 0.000000, 0.000000,  0.000000, 0.000000, 0.000000, 0.000000
Frame 2149: 2016-10-19-21-04-40.699472: Tool 1, 2: 178.265167, -10.176267, -1474.258179, 0.484473, -0.162541, -0.859209, -0.025061, *** 0.000000, 0.000000, 0.000000,  0.000000, 0.000000, 0.000000, 0.000000
Frame 2155: 2016-10-19-21-04-40.783477: Tool 1, 2: 178.030945, -9.224452, -1474.169434, 0.486220, -0.173176, -0.856203, -0.022775, *** 0.000000, 0.000000, 0.000000,  0.000000, 0.000000, 0.000000, 0.000000
Frame 2158: 2016-10-19-21-04-40.867482: Tool 1, 2: 177.781921, -8.353543, -1474.245361, 0.486369, -0.178758, -0.854949, -0.023553, *** 0.000000, 0.000000, 0.000000,  0.000000, 0.000000, 0.000000, 0.000000
Frame 2164: 2016-10-19-21-04-40.948487: Tool 1, 2: 177.260178, -6.605810, -1473.861206, 0.478062, -0.204506, -0.853914, -0.021556, *** 0.000000, 0.000000, 0.000000,  0.000000, 0.000000, 0.000000, 0.000000
Frame 2170: 2016-10-19-21-04-41.032492: Tool 1, 2: 175.406067, -3.157512, -1475.874634, 0.467368, -0.234524, -0.852319, -0.010858, *** 0.000000, 0.000000, 0.000000,  0.000000, 0.000000, 0.000000, 0.000000
Frame 2173: 2016-10-19-21-04-41.118496: Tool 1, 2: 174.987778, 0.246832, -1478.557861, 0.468787, -0.250324, -0.847098, -0.000665, *** 148.871429, -113.482170, -1524.900146,  0.402312, 0.545430, -0.725865, -0.117363
Frame 2182: 2016-10-19-21-04-41.232503: Tool 1, 2: 171.004791, 6.737897, -1479.040771, 0.481906, -0.282284, -0.829433, 0.011126, *** 137.020020, -107.246597, -1519.073242,  0.427540, 0.513829, -0.733592, -0.122608
Frame 2188: 2016-10-19-21-04-41.350510: Tool 1, 2: 171.821396, 7.182671, -1475.701782, 0.502840, -0.292882, -0.813214, 0.007447, *** 132.455612, -105.386475, -1514.676636,  0.441773, 0.499824, -0.731055, -0.143430
Frame 2194: 2016-10-19-21-04-41.465517: Tool 1, 2: 169.358749, 6.772575, -1469.743164, 0.525190, -0.298122, -0.797056, -0.000443, *** 125.126938, -103.916603, -1508.873169,  0.451952, 0.491586, -0.724994, -0.168720
Frame 2203: 2016-10-19-21-04-41.583523: Tool 1, 2: 165.382843, -2.927763, -1466.607178, 0.573663, -0.305488, -0.759507, -0.027169, *** 110.250748, -107.976501, -1507.499634,  0.466496, 0.473600, -0.710730, -0.230105
Frame 2209: 2016-10-19-21-04-41.701530: Tool 1, 2: 165.171127, -11.836125, -1466.715088, 0.598711, -0.313770, -0.735697, -0.042954, *** 103.263435, -113.024162, -1507.586792,  0.472600, 0.460142, -0.703407, -0.264835
Frame 2215: 2016-10-19-21-04-41.816536: Tool 1, 2: 165.472717, -17.665928, -1465.702271, 0.605712, -0.320055, -0.726669, -0.051298, *** 100.473694, -116.747581, -1506.882324,  0.470937, 0.454970, -0.701943, -0.280176
Frame 2224: 2016-10-19-21-04-41.933543: Tool 1, 2: 163.570572, -20.894918, -1471.866699, 0.615734, -0.334751, -0.711117, -0.055928, *** 93.599510, -117.741486, -1509.835815,  0.479875, 0.433034, -0.705462, -0.290734
Frame 2230: 2016-10-19-21-04-42.050550: Tool 1, 2: 160.690002, -20.901485, -1478.107422, 0.626687, -0.333144, -0.702369, -0.054378, *** 89.613586, -117.375023, -1515.419556,  0.486193, 0.432080, -0.696989, -0.301878
Frame 2236: 2016-10-19-21-04-42.165556: Tool 1, 2: 157.181305, -20.348667, -1486.297363, 0.637438, -0.325666, -0.696187, -0.054207, *** 86.045082, -116.664497, -1523.906616,  0.489216, 0.439475, -0.685282, -0.312922
Frame 2245: 2016-10-19-21-04-42.282563: Tool 1, 2: 156.904358, -17.620129, -1497.083862, 0.631949, -0.331114, -0.699378, -0.043292, *** 86.589752, -115.475754, -1532.649902,  0.495378, 0.435416, -0.688497, -0.301640
Frame 2251: 2016-10-19-21-04-42.401570: Tool 1, 2: 159.959854, -18.766588, -1504.126099, 0.631606, -0.330953, -0.699935, -0.040457, *** 89.928604, -117.079430, -1538.869751,  0.498285, 0.434361, -0.688371, -0.298646
Frame 2257: 2016-10-19-21-04-42.516576: Tool 1, 2: 162.374451, -21.154591, -1508.134766, 0.630013, -0.336265, -0.698986, -0.037793, *** 91.803604, -119.487427, -1541.635620,  0.500701, 0.429416, -0.690950, -0.295787
Frame 2266: 2016-10-19-21-04-42.633583: Tool 1, 2: 162.756485, -21.627167, -1509.023560, 0.629470, -0.335077, -0.700162, -0.035561, *** 92.713600, -120.364861, -1542.249878,  0.501816, 0.430267, -0.691167, -0.292131
Frame 2272: 2016-10-19-21-04-42.751590: Tool 1, 2: 161.576477, -19.981312, -1508.822998, 0.630531, -0.333663, -0.699959, -0.034023, *** 91.854004, -118.985199, -1541.902954,  0.502818, 0.431564, -0.689717, -0.291921
Frame 2278: 2016-10-19-21-04-42.865596: Tool 1, 2: 160.457291, -17.931936, -1507.773560, 0.631911, -0.330624, -0.700181, -0.033528, *** 91.115547, -117.125023, -1541.187744,  0.503687, 0.433485, -0.687589, -0.292596
Frame 2287: 2016-10-19-21-04-42.983603: Tool 1, 2: 159.919296, -15.740650, -1503.689575, 0.631833, -0.326094, -0.702374, -0.033490, *** 91.511154, -115.299866, -1537.935059,  0.501851, 0.438785, -0.685684, -0.292323
Frame 2293: 2016-10-19-21-04-43.101610: Tool 1, 2: 159.869598, -15.951950, -1501.640991, 0.631716, -0.324937, -0.702961, -0.034597, *** 91.629097, -115.446037, -1536.472046,  0.500240, 0.440356, -0.685633, -0.292841
Frame 2299: 2016-10-19-21-04-43.216617: Tool 1, 2: 160.898209, -15.935146, -1501.624146, 0.633294, -0.323137, -0.702351, -0.035015, *** 92.707893, -115.432831, -1536.673828,  0.500771, 0.441636, -0.683468, -0.295058
Frame 2308: 2016-10-19-21-04-43.332623: Tool 1, 2: 162.109955, -15.879025, -1502.662598, 0.636288, -0.321017, -0.700564, -0.036015, *** 93.739487, -115.275482, -1537.709961,  0.501900, 0.442221, -0.680750, -0.298527
Frame 2314: 2016-10-19-21-04-43.451630: Tool 1, 2: 161.836700, -15.707750, -1502.084839, 0.635347, -0.321456, -0.701230, -0.035755, *** 93.562363, -115.122360, -1537.293579,  0.501275, 0.442434, -0.681501, -0.297545
Frame 2320: 2016-10-19-21-04-43.565637: Tool 1, 2: 161.786270, -15.331850, -1500.983398, 0.635193, -0.319346, -0.702264, -0.037081, *** 93.803726, -114.748001, -1536.627808,  0.499540, 0.444412, -0.681548, -0.297407
Frame 2329: 2016-10-19-21-04-43.682643: Tool 1, 2: 160.517746, -14.736435, -1498.928101, 0.633861, -0.312649, -0.706549, -0.035508, *** 94.227280, -114.928391, -1535.642822,  0.498017, 0.451895, -0.678771, -0.295027
Frame 2335: 2016-10-19-21-04-43.801650: Tool 1, 2: 158.761688, -15.720860, -1499.828613, 0.633395, -0.314690, -0.706003, -0.036609, *** 91.943451, -115.663574, -1536.389038,  0.497615, 0.449635, -0.680482, -0.295217
Frame 2341: 2016-10-19-21-04-43.916656: Tool 1, 2: 159.279358, -13.448048, -1501.857544, 0.635141, -0.311624, -0.706019, -0.032015, *** 93.031219, -114.014610, -1538.048828,  0.500688, 0.451190, -0.678151, -0.293005
Frame 2350: 2016-10-19-21-04-44.033663: Tool 1, 2: 161.150665, -13.822575, -1501.951172, 0.631285, -0.313264, -0.708867, -0.029218, *** 95.404358, -114.835114, -1537.745239,  0.500056, 0.451049, -0.680993, -0.287660
Frame 2356: 2016-10-19-21-04-44.151670: Tool 1, 2: 162.281876, -17.711605, -1502.674683, 0.629899, -0.313506, -0.709867, -0.032109, *** 96.272751, -118.347916, -1539.225586,  0.496745, 0.451535, -0.682512, -0.289031
Frame 2362: 2016-10-19-21-04-44.265676: Tool 1, 2: 160.491364, -16.844807, -1504.440674, 0.624294, -0.313592, -0.714926, -0.028280, *** 95.559502, -118.300636, -1540.646362,  0.495615, 0.452390, -0.686572, -0.279876
Frame 2371: 2016-10-19-21-04-44.382683: Tool 1, 2: 154.637039, -5.292331, -1509.935913, 0.619032, -0.299151, -0.726041, -0.013096, *** 93.900452, -109.690155, -1546.411011,  0.497385, 0.463772, -0.684798, -0.261871
Frame 2377: 2016-10-19-21-04-44.501690: Tool 1, 2: 150.863403, 1.271666, -1513.316895, 0.616099, -0.286091, -0.733843, -0.006976, *** 93.670761, -104.730316, -1550.957397,  0.496566, 0.476819, -0.679636, -0.253303
Frame 2383: 2016-10-19-21-04-44.616697: Tool 1, 2: 151.437454, 0.908769, -1515.932861, 0.613327, -0.281863, -0.737818, -0.002722, *** 95.874054, -105.939873, -1553.596069,  0.496563, 0.480893, -0.679103, -0.246954
Frame 2392: 2016-10-19-21-04-44.732703: Tool 1, 2: 161.877747, -4.653017, -1525.080200, 0.628800, -0.278328, -0.726047, 0.000726, *** 105.113251, -111.434349, -1561.227417,  0.508879, 0.477197, -0.668511, -0.257719
Frame 2398: 2016-10-19-21-04-44.850710: Tool 1, 2: 161.352692, -5.170012, -1527.982666, 0.626995, -0.288459, -0.723632, 0.005073, *** 103.251038, -112.039505, -1562.239624,  0.512602, 0.468750, -0.672221, -0.256189
Frame 2404: 2016-10-19-21-04-44.965717: Tool 1, 2: 159.009003, -1.211706, -1528.440796, 0.620503, -0.296490, -0.725919, 0.010627, *** 100.892349, -108.651230, -1560.593994,  0.515373, 0.462211, -0.678122, -0.246784
Frame 2413: 2016-10-19-21-04-45.082723: Tool 1, 2: 160.196838, 7.442980, -1531.864136, 0.618001, -0.297954, -0.727148, 0.023585, *** 103.556564, -101.597961, -1561.563965,  0.522802, 0.460214, -0.677643, -0.235972
Frame 2419: 2016-10-19-21-04-45.201730: Tool 1, 2: 157.053635, 14.101492, -1534.100220, 0.618746, -0.290723, -0.729198, 0.030067, *** 102.465210, -96.059906, -1563.616699,  0.526283, 0.466427, -0.672153, -0.231695
Frame 2425: 2016-10-19-21-04-45.316737: Tool 1, 2: 151.040314, 19.114731, -1534.234619, 0.614966, -0.287754, -0.733453, 0.032599, *** 97.759598, -91.675781, -1564.043335,  0.525400, 0.469546, -0.672303, -0.226918
Frame 2434: 2016-10-19-21-04-45.432744: Tool 1, 2: 152.481201, 23.173819, -1534.939087, 0.620911, -0.270976, -0.734926, 0.030436, *** 101.449844, -87.990318, -1567.288208,  0.523545, 0.482959, -0.662836, -0.230869
Frame 2440: 2016-10-19-21-04-45.551750: Tool 1, 2: 158.428177, 22.809101, -1536.564209, 0.621607, -0.268660, -0.735164, 0.030983, *** 107.724373, -88.477364, -1568.949585,  0.523822, 0.484592, -0.661493, -0.230672
Frame 2446: 2016-10-19-21-04-45.665757: Tool 1, 2: 163.195587, 19.234676, -1539.347900, 0.624552, -0.269648, -0.732541, 0.024701, *** 111.200958, -91.204048, -1572.603271,  0.521712, 0.483105, -0.661609, -0.238116
Frame 2455: 2016-10-19-21-04-45.782763: Tool 1, 2: 165.315720, 16.071350, -1539.058472, 0.619168, -0.270295, -0.737187, 0.011263, *** 112.364731, -92.991974, -1575.330688,  0.508835, 0.485165, -0.668297, -0.243070
Frame 2461: 2016-10-19-21-04-45.901770: Tool 1, 2: 163.373230, 17.516743, -1538.364258, 0.618708, -0.260013, -0.741322, 0.005918, *** 111.933929, -91.228485, -1577.631836,  0.502360, 0.496111, -0.663864, -0.246565
Frame 2467: 2016-10-19-21-04-46.016777: Tool 1, 2: 161.497467, 21.039541, -1538.631958, 0.618057, -0.251664, -0.744750, 0.004320, *** 111.574707, -87.870018, -1579.118530,  0.499107, 0.502913, -0.662084, -0.244164
Frame 2476: 2016-10-19-21-04-46.132783: Tool 1, 2: 163.810501, 18.083414, -1541.424927, 0.617676, -0.246446, -0.746817, -0.002361, *** 114.209595, -90.059425, -1583.975586,  0.491568, 0.509263, -0.661725, -0.247252
Frame 2482: 2016-10-19-21-04-46.251790: Tool 1, 2: 164.710052, 15.371964, -1541.431152, 0.614347, -0.244160, -0.750261, -0.008581, *** 115.305763, -92.099831, -1585.826538,  0.484783, 0.512988, -0.663234, -0.248900
Frame 2488: 2016-10-19-21-04-46.365797: Tool 1, 2: 165.916977, 12.905910, -1541.485229, 0.611429, -0.244694, -0.752385, -0.014012, *** 116.319267, -93.902527, -1587.016479,  0.477844, 0.517329, -0.663997, -0.251288
Frame 2497: 2016-10-19-21-04-46.482803: Tool 1, 2: 166.630341, 11.831375, -1544.723145, 0.602705, -0.245271, -0.759200, -0.014342, *** 118.211197, -95.325218, -1590.959717,  0.472463, 0.519458, -0.668510, -0.245025
Frame 2503: 2016-10-19-21-04-46.601810: Tool 1, 2: 167.748138, 13.523738, -1549.983765, 0.597651, -0.245494, -0.763183, -0.009937, *** 120.480614, -94.289566, -1595.536499,  0.471848, 0.519320, -0.672766, -0.234636
Frame 2509: 2016-10-19-21-04-46.716817: Tool 1, 2: 168.618225, 12.985958, -1553.293335, 0.586563, -0.250320, -0.770231, -0.005285, *** 122.424179, -95.768860, -1597.567749,  0.469759, 0.516054, -0.681382, -0.220762
Frame 2518: 2016-10-19-21-04-46.833823: Tool 1, 2: 164.761856, 11.095934, -1550.920532, 0.576607, -0.243001, -0.780023, -0.006355, *** 121.550240, -98.114777, -1597.287964,  0.459544, 0.528518, -0.680681, -0.214855
Frame 2524: 2016-10-19-21-04-46.950830: Tool 1, 2: 162.696884, 12.413205, -1551.658569, 0.576233, -0.236329, -0.782361, -0.003772, *** 121.136528, -97.202759, -1598.429321,  0.459654, 0.533386, -0.678242, -0.210256
Frame 2530: 2016-10-19-21-04-47.065837: Tool 1, 2: 162.122162, 14.681908, -1555.696899, 0.574769, -0.239535, -0.782465, 0.003375, *** 120.865219, -95.778206, -1600.533081,  0.464274, 0.529131, -0.680813, -0.202396
Frame 2539: 2016-10-19-21-04-47.183844: Tool 1, 2: 164.271301, 18.647682, -1563.049194, 0.575867, -0.242889, -0.780562, 0.010298, *** 122.730217, -92.525085, -1605.970947,  0.471163, 0.524240, -0.680787, -0.199266
Frame 2545: 2016-10-19-21-04-47.301850: Tool 1, 2: 163.057617, 19.502338, -1564.320679, 0.570152, -0.249102, -0.782781, 0.011383, *** 121.248764, -91.953629, -1606.408936,  0.469640, 0.519767, -0.686566, -0.194700
Frame 2551: 2016-10-19-21-04-47.416857: Tool 1, 2: 164.017578, 19.795366, -1564.859009, 0.568881, -0.250216, -0.783361, 0.010645, *** 121.967857, -91.622795, -1606.881592,  0.469071, 0.518465, -0.688063, -0.194262
Frame 2560: 2016-10-19-21-04-47.533864: Tool 1, 2: 162.712921, 19.928505, -1565.756348, 0.566201, -0.253269, -0.784302, 0.011955, *** 120.632957, -91.648331, -1607.365845,  0.467949, 0.516856, -0.690930, -0.191052
Frame 2566: 2016-10-19-21-04-47.651870: Tool 1, 2: 162.846100, 20.455612, -1568.051147, 0.568778, -0.248648, -0.783915, 0.011957, *** 121.319839, -91.088882, -1610.236328,  0.468800, 0.520249, -0.687390, -0.192519
Frame 2572: 2016-10-19-21-04-47.765877: Tool 1, 2: 162.477203, 20.701275, -1570.224976, 0.569060, -0.245401, -0.784733, 0.012006, *** 121.563248, -90.969444, -1612.915161,  0.468041, 0.522866, -0.685583, -0.193715
Frame 2581: 2016-10-19-21-04-47.882884: Tool 1, 2: 161.033936, 19.310415, -1571.099243, 0.568894, -0.241227, -0.786175, 0.009976, *** 120.700584, -92.132584, -1614.538818,  0.465780, 0.526731, -0.684333, -0.193112
Frame 2587: 2016-10-19-21-04-48.001890: Tool 1, 2: 160.393051, 15.974707, -1571.711060, 0.572366, -0.238652, -0.784486, 0.004937, *** 119.539017, -94.761269, -1616.314941,  0.463219, 0.529142, -0.682570, -0.198835
Frame 2593: 2016-10-19-21-04-48.116897: Tool 1, 2: 162.181274, 13.733940, -1575.735474, 0.583260, -0.228654, -0.779439, 0.000663, *** 121.506706, -96.548553, -1622.431763,  0.465807, 0.537982, -0.668401, -0.216429
Frame 2602: 2016-10-19-21-04-48.233903: Tool 1, 2: 161.849060, 13.832467, -1579.302490, 0.583715, -0.233972, -0.777515, 0.002318, *** 120.247253, -96.528183, -1625.042114,  0.468854, 0.532805, -0.670446, -0.216330
Frame 2608: 2016-10-19-21-04-48.351910: Tool 1, 2: 163.254547, 10.956939, -1578.721680, 0.586583, -0.232713, -0.775725, -0.003950, *** 120.855743, -98.582947, -1625.674316,  0.466425, 0.533050, -0.669826, -0.222798
Frame 2614: 2016-10-19-21-04-48.465917: Tool 1, 2: 164.415802, 8.179369, -1577.483887, 0.587042, -0.236043, -0.774330, -0.008920, *** 120.874969, -100.629448, -1625.088257,  0.463595, 0.530798, -0.671974, -0.227565
Frame 2623: 2016-10-19-21-04-48.582923: Tool 1, 2: 165.596985, 7.280695, -1577.154053, 0.595610, -0.229832, -0.769572, -0.013625, *** 121.305656, -100.754974, -1625.935425,  0.465295, 0.533064, -0.665279, -0.238223
Frame 2629: 2016-10-19-21-04-48.701930: Tool 1, 2: 165.389618, 7.301755, -1576.186768, 0.604665, -0.221493, -0.764869, -0.017210, *** 121.133057, -100.113586, -1626.431274,  0.466900, 0.537579, -0.656852, -0.248110
Frame 2635: 2016-10-19-21-04-48.816937: Tool 1, 2: 164.522003, 6.824173, -1574.399536, 0.606880, -0.217547, -0.764166, -0.020564, *** 120.372513, -100.136940, -1625.817383,  0.465647, 0.540150, -0.653879, -0.252696
Frame 2644: 2016-10-19-21-04-48.933944: Tool 1, 2: 165.448898, 5.505200, -1575.470581, 0.608110, -0.215444, -0.763770, -0.021027, *** 121.382484, -101.317108, -1627.265747,  0.465020, 0.541852, -0.652240, -0.254432
Frame 2650: 2016-10-19-21-04-49.051950: Tool 1, 2: 165.248718, 5.194149, -1575.889038, 0.607672, -0.215136, -0.764193, -0.021488, *** 121.311180, -101.616165, -1627.652588,  0.464199, 0.542273, -0.652857, -0.253451
Frame 2656: 2016-10-19-21-04-49.166957: Tool 1, 2: 164.835098, 5.470205, -1575.689941, 0.606849, -0.214620, -0.765021, -0.020384, *** 121.309692, -101.488358, -1627.660889,  0.464222, 0.543216, -0.652344, -0.252711
Frame 2665: 2016-10-19-21-04-49.282964: Tool 1, 2: 165.241028, 4.879627, -1576.541626, 0.604765, -0.214862, -0.766606, -0.020244, *** 121.903503, -102.169357, -1628.290039,  0.463133, 0.543240, -0.654278, -0.249638
